within OpenIPSL.Examples.Microgrids.UniversityCampus.CampusB.PfData.BusData;
record PfBus00000
  import Modelica.Constants.pi;
  extends BusTemplate(
   VB1L1=0.9960279,
   AB1L1=0.425989*pi/180,
   VB2L1=0.9960279,
   AB2L1=0.425989*pi/180,
   VB1L2=1.00093,
   AB1L2=1.82279*pi/180,
   VB2L2=0.9999925,
   AB2L2=0.247211*pi/180,
   VB3L2=0.9960279,
   AB3L2=0.425989*pi/180,
   VB1L3=1.0000,
   AB1L3=0.0000*pi/180,
   VB1L4=0.992577,
   AB1L4=0.0444074*pi/180,
   VB2L4=0.992577,
   AB2L4=0.0444074*pi/180,
   VB3L4=0.992577,
   AB3L4=0.0444074*pi/180,
   VB1L5=0.9912935,
   AB1L5=0.070656*pi/180,
   VB2L5=0.9920305,
   AB2L5=0.0546208*pi/180,
   VB3L5=0.9921045,
   AB3L5=0.0482479*pi/180,
   VB4L5=0.989964,
   AB4L5=0.113864*pi/180,
   VB5L5=0.9893169,
   AB5L5=0.13374*pi/180,
   VB6L5=0.9688569,
   AB6L5=0.441645*pi/180,
   VB1L6=0.9912949,
   AB1L6=0.0520638*pi/180,
   VB1L7=0.9895068,
   AB1L7=0.090479*pi/180,
   VB2L7=0.9912695,
   AB2L7=0.069*pi/180,
   VB1L8=0.9897282,
   AB1L8=0.101351*pi/180,
   VB2L8=0.9908705,
   AB2L8=0.0642161*pi/180,
   VB1L9=0.9892222,
   AB1L9=0.114896*pi/180,
   VB2L9=0.9896949,
   AB2L9=0.0986142*pi/180,
   VPV1B1=0.9895245,
   APV1B1=0.8042775*pi/180,
   VPV1B2=0.9894509,
   APV1B2=0.7939371*pi/180,
   VPV2B1=0.9896978,
   APV2B1=0.7665736*pi/180,
   VPV2B2=0.9896949,
   APV2B2=0.7662135*pi/180,
   VPV3B1=0.9688582,
   APV3B1=1.474061*pi/180,
   VPV3B2=0.9688582,
   APV3B2=1.474061*pi/180,
   VPV4B1=0.9913135,
   APV4B1=0.7200715*pi/180,
   VPV4B2=0.9913135,
   APV4B2=0.7200715*pi/180,
   VPV5B1=0.9894778,
   APV5B1=0.8212546*pi/180,
   VPV5B2=0.9894778,
   APV5B2=0.8212546*pi/180);

end PfBus00000;
